StageName=初心者用ステージ３
StageMaker=名無し
StartPositionX=50.000000
StartPositionY=60.000000
MaxCoin=2
MaxBlast=3
TotalObj=2
ObjType(0)=2
ObjPosX(0)=100.000000
ObjPosY(0)=30.000000
ObjSizeX(0)=5.000000
ObjSizeY(0)=5.000000
ObjShape(0)=36
ObjType(1)=2
ObjPosX(1)=100.000000
ObjPosY(1)=90.000000
ObjSizeX(1)=5.000000
ObjSizeY(1)=5.000000
ObjShape(1)=36
End
