StageName=初心者用ステージ１
StageMaker=名無し
StartPositionX=50.000000
StartPositionY=60.000000
MaxCoin=1
MaxBlast=3
TotalObj=1
ObjType(0)=2
ObjPosX(0)=130.000000
ObjPosY(0)=60.000000
ObjSizeX(0)=5.000000
ObjSizeY(0)=5.000000
ObjShape(0)=36
End
