StageName=初心者用ステージ２
StageMaker=名無し
StartPositionX=38.000000
StartPositionY=60.000000
MaxCoin=1
MaxBlast=3
TotalObj=2
ObjType(0)=1
ObjPosX(0)=104.750000
ObjPosY(0)=60.000000
ObjSizeX(0)=10.000000
ObjSizeY(0)=20.000000
ObjShape(0)=4
ObjType(1)=2
ObjPosX(1)=132.250000
ObjPosY(1)=60.000000
ObjSizeX(1)=5.000000
ObjSizeY(1)=5.000000
ObjShape(1)=36
End
