StageName=中級者用ステージ１
StageMaker=名無し
StartPositionX=50.000000
StartPositionY=30.000000
MaxCoin=1
MaxBlast=2
TotalObj=2
ObjType(0)=4
ObjPosX(0)=60.000000
ObjPosY(0)=60.000000
ObjSizeX(0)=70.000000
ObjSizeY(0)=10.000000
ObjShape(0)=4
ObjType(1)=2
ObjPosX(1)=50.000000
ObjPosY(1)=90.000000
ObjSizeX(1)=5.000000
ObjSizeY(1)=5.000000
ObjShape(1)=36
End
