StageName=中級者用ステージ２
StageMaker=名無し
StartPositionX=16.750000
StartPositionY=15.500000
MaxCoin=4
MaxBlast=4
TotalObj=7
ObjType(0)=4
ObjPosX(0)=48.750000
ObjPosY(0)=44.500000
ObjSizeX(0)=1.000000
ObjSizeY(0)=50.000000
ObjShape(0)=4
ObjType(1)=4
ObjPosX(1)=85.000000
ObjPosY(1)=76.500000
ObjSizeX(1)=1.000000
ObjSizeY(1)=50.000000
ObjShape(1)=4
ObjType(2)=4
ObjPosX(2)=119.250000
ObjPosY(2)=45.250000
ObjSizeX(2)=1.000000
ObjSizeY(2)=50.000000
ObjShape(2)=4
ObjType(3)=2
ObjPosX(3)=47.750000
ObjPosY(3)=106.250000
ObjSizeX(3)=5.000000
ObjSizeY(3)=5.000000
ObjShape(3)=36
ObjType(4)=2
ObjPosX(4)=83.250000
ObjPosY(4)=14.750000
ObjSizeX(4)=5.000000
ObjSizeY(4)=5.000000
ObjShape(4)=36
ObjType(5)=2
ObjPosX(5)=118.750000
ObjPosY(5)=108.500000
ObjSizeX(5)=5.000000
ObjSizeY(5)=5.000000
ObjShape(5)=36
ObjType(6)=2
ObjPosX(6)=145.250000
ObjPosY(6)=14.500000
ObjSizeX(6)=5.000000
ObjSizeY(6)=5.000000
ObjShape(6)=36
End
